86.78941201593409,22.05488324379826,0
112.23221310739488,-23.979870647923626,0
150.52283874006991,51.11439832123652,0
123.44594534844605,70.47816563991367,0
112.55367519899043,64.53205513456713,0
139.03623658444894,56.67677967047387,0
74.0587199340166,20.070097263662856,0
142.03295582942525,45.96744784304849,0
123.95474061475346,52.290142848773876,0
98.48813209838873,55.116648020723645,0
128.8838661821308,38.21704246356884,0
100.4148664089071,64.10281859523235,0
108.98219244805847,22.27498566905809,0
109.45570590358027,13.48341744753328,0
139.79832192834095,70.36599142781016,0
171.16485393719535,70.64050765941938,0
128.06516745278563,21.71440974993096,0
86.57149029067932,31.544699440214426,0
124.19941050090333,23.01306965918052,0
121.99476190080043,97.36126417710416,0
175.9588449924098,33.72347375641378,0
137.43339916977965,26.92669615917154,0
118.51775114389648,21.000770066432484,0
151.51893011027335,72.04989840677922,0
154.7614262799788,-14.132804260491355,0
147.77281429493206,24.179348732505257,0
98.94183895768737,37.989341146113695,0
76.36180418632412,73.91996073816168,0
75.64638822811486,50.215648381110626,0
117.77264099128257,94.92686241085251,0
179.52426556850693,29.651178602752854,0
122.82189476668279,5.067334532103089,0
132.4943301548251,-34.200434056598866,0
95.50390088754477,25.559393635219127,0
136.5918082133432,77.92242413575556,0
108.83492473831328,37.98467644008368,0
131.2730882168965,-9.53930651637149,0
136.26765164349595,26.419300960494425,0
173.8509428355025,-12.329297286358788,0
84.4997055115164,-8.637963476164884,0
106.11778055702996,49.70412354659846,0
66.05164882347952,21.90305960535776,0
73.0927285622203,39.56197480475524,0
136.76772715440288,34.83958217452695,0
121.99324139983685,31.83227526372263,0
119.15703965813927,8.894682485784614,0
138.07922479013408,-3.3733578054961555,0
82.17104062082102,16.196957437259407,0
150.66107459473642,18.216339423805664,0
170.49888444226707,96.65428937583135,0
143.39063804230904,72.88884832896244,0
115.34388177208615,1.7529165493874146,0
121.97715720573196,24.497232940965205,0
150.37270509574165,90.19315060007159,0
124.29975374270548,41.7487889812684,0
151.95784506299756,68.15451621037217,0
136.9726268412103,23.863031650489305,0
96.63632140336844,6.4127928373043375,0
95.29934934035735,11.324078253134108,0
114.25390278155216,36.037036075874234,0
106.47181053725313,75.98673623119892,0
106.69586539941477,60.46301503541243,0
149.07767303496033,49.46609605587585,0
115.3513022284046,-13.475746407736835,0
134.97822344324055,-15.085314364426146,0
153.53426661006768,52.204605471952746,0
68.1813208348372,-15.82895435093738,0
190.43107854198723,76.96827999473058,0
149.46656919260997,37.497164362906794,0
144.6022538910302,7.882124368298587,0
94.77113486530921,-2.687836082585754,0
162.7598844567745,43.820321354059026,0
105.0328173469542,59.78687915864769,0
116.24986811224562,57.37958566266392,0
135.84459518783203,33.054029407218266,0
112.82456953385378,68.01540786375237,0
175.72080775510443,70.54722405797669,0
93.00714999484927,52.43922860016211,0
112.60919858261936,38.02692276045057,0
145.18844077580138,58.9766811878488,0
107.38597687967037,31.28047253119542,0
188.9120223125072,85.02236792995404,0
167.93421554715587,51.38434817349582,0
127.33030764356737,35.20862581998085,0
161.61439651907153,-5.2302613259712984,0
124.89105897152028,57.54857440720911,0
130.6361386834717,117.74692349677018,0
161.42042133942866,29.95161150149713,0
140.7592987271335,104.27956418667956,0
98.12406582878367,25.41318483076291,0
134.24355365264242,53.70474601097315,0
119.0162440106681,89.06118711450165,0
144.79290225101266,86.37778963005127,0
156.76006890740993,96.74287951562289,0
161.6421218433968,32.1226877618199,0
139.94071854331412,-11.558742443219593,0
128.6759127295149,44.71019630790203,0
92.99936550706653,37.680219122960196,0
151.9968345059077,66.27607531404304,0
144.5362014311661,36.83287794224139,0
123.9489927564054,37.160758052574025,0
148.54390642151296,84.15530016717216,0
159.67264777570517,12.18687366970714,0
106.89514841239887,57.777977813346226,0
128.3390676284261,62.61666862784183,0
127.19434779502545,70.04823467901429,0
168.91524988951392,48.83501759257966,0
140.46166943085913,71.37749668372923,0
118.5760790423814,65.46415512449187,0
126.17015393522303,32.62170629451642,0
120.70030273390122,25.436191329672504,0
121.78890452263832,62.727225293928456,0
102.87539739639591,40.34975240758278,0
161.50403053906894,22.720073930119522,0
66.81473856068051,46.80557761550292,0
132.47007519808963,31.56265485593393,0
129.93879078183832,-19.66879580412113,0
151.22802636720314,-14.30898254978785,0
154.16439974964857,56.05583647925043,0
155.79796868531514,16.769656211124012,0
142.08931967370089,11.89294554365721,0
190.13819076421862,21.993166887704135,0
120.74302764599616,88.26810759647552,0
142.23457110366232,37.77759052571045,0
167.3856472875397,22.12211680029091,0
59.74274603770638,47.459564408766965,0
103.78001262264576,14.296721230669313,0
121.48489342216976,56.89829181878916,0
138.7448916277169,13.075648158886523,0
146.40784723472706,57.21400816134769,0
107.33977327943352,-4.11522956734607,0
174.29444955335927,38.97768393132429,0
183.5127723496338,-2.0344120474887717,0
137.8252698997893,-7.922935322543694,0
105.7066498502302,76.08411502869505,0
148.46752887809376,41.73613130820992,0
91.58786284916195,-20.703270306717556,0
100.61429761767417,16.1520757979222,0
151.94135496051717,53.438349300177684,0
151.39111012440088,77.46251532985808,0
125.1773719768434,59.98600508845483,0
84.49737106632107,-11.677562841477048,0
114.65296124743578,89.92192772947331,0
110.03425723995015,65.23487463376327,0
135.7479560719254,25.495380757109743,0
142.66420162662428,44.996666497934456,0
190.58485309166218,71.8762650142896,0
80.72737186014106,1.388544254133464,0
129.748193197225,45.86123571306893,0
85.4167499713049,48.85754315351278,0
111.43630506633589,63.707583120836745,0
87.14576810936147,-3.659278995059502,0
109.5079662304677,16.630833057552966,0
146.12227108979573,56.30938963997783,0
98.06132401974881,74.08596517992643,0
139.05894826623714,1.4482615875430866,0
91.80130307843632,39.20760931265395,0
118.34385626745022,64.39041057863153,0
123.43250343935013,20.261345042157174,0
145.87124192032684,24.323512713630194,0
167.27214376443442,42.378581780945524,0
118.11021578145305,30.729364806618037,0
119.29577510960813,43.25144581988854,0
135.41974649157308,48.37494560494427,0
131.46378805189906,-10.626353336720413,0
93.50000444436331,48.07286806277139,0
73.13240754617152,40.78971756376973,0
162.69239121065473,11.873343531393605,0
184.0397203102507,16.032342962933473,0
116.51239847871983,52.56059275692948,0
203.21673610152484,32.73061711579253,0
137.6278866247348,21.182976479999844,0
190.81641958223295,56.17170874255269,0
157.45516239774523,24.50141388039749,0
108.97282373826866,20.57545729482961,0
127.05737810664392,10.472534556789824,0
112.03558568236973,4.970717106305074,0
146.66991492084287,55.430538450173444,0
144.3052639146499,-12.509814474478958,0
142.53003344208946,6.975417230732766,0
175.56719267732967,-18.534137246332698,0
136.2171596091954,43.260042186587214,0
115.43462051062382,38.43941367897376,0
139.45730556400397,43.159330471975025,0
96.78251820227044,17.920995280511328,0
210.64165650004932,37.090277115147195,0
107.33095852543774,91.28109217541135,0
63.68973290844204,49.02568869286822,0
151.8730895680614,87.53541189443979,0
106.34648819882025,45.50614923456334,0
173.7648070603421,42.06734685479187,0
82.1949170985371,24.841433748242068,0
160.99273655783014,20.461124678869435,0
121.16802686543997,58.142136445538526,0
22.714955403348995,29.18526354707874,0
117.46994616017832,25.272491433419365,0
130.05174562558915,82.37011473659763,0
111.8412825969622,34.5576065992254,0
134.96570159784804,22.903058739136064,0
105.25762102426171,4.587940287528099,0
124.7126238403279,10.013728868498216,0
141.4411789901493,67.85863519818041,0
73.90888244473152,-16.669939653840046,0
125.58384058329194,-3.6754888540213173,0
117.27276940608927,26.262471770200968,0
178.5487080721869,61.087292885696755,0
103.70112518061674,71.2860694525242,0
75.40395863800086,41.68430213318604,0
144.0785748532165,30.201576805938792,0
136.3316565161891,64.65469847068974,0
131.06018994388717,80.53226384941712,0
103.9932773282121,62.03203563393673,0
136.3525981668936,2.660730599117066,0
175.56258231671245,10.961312238465204,0
155.54540724555105,16.871042121666836,0
146.50465513991054,68.61392755493986,0
70.39919353609419,57.55823198657267,0
147.21505281015283,40.21918905357313,0
123.14794731391501,63.7092733153685,0
117.83272051031476,98.65021595503032,0
186.4361501195993,51.02021902429608,0
106.55606785155663,22.15644513892156,0
167.5804884191589,32.866805630540156,0
150.27141594909094,41.151009154661544,0
140.80819575798492,4.467214676889512,0
158.26715317937501,75.42823490421546,0
100.69862731417354,63.809069858894944,0
130.27099956211669,9.605787861989832,0
110.54966323524786,-6.887884253901831,0
162.82951633480636,52.90399249008638,0
106.2876098689741,-0.3778562456188581,0
96.13861120633138,58.96258913176352,0
128.14984726415912,38.10402362019258,0
42.88744401762611,37.181175726691514,0
122.76855239679725,55.026286389610604,0
105.30911087819113,30.598994378381562,0
209.4363777462562,16.99323532511299,0
99.1298276354159,42.55210377388467,0
187.664735781465,30.862780258228693,0
146.31505143330287,103.97247276066643,0
202.78997568826213,52.56012619016551,0
168.31961484751417,-11.785896104645367,0
177.43883963533,30.08272452885906,0
116.0776671999408,41.91280141134458,0
184.22592985415196,20.274743974557037,0
169.53745354177593,108.5545618372874,0
96.83217897611016,45.49664820008197,0
110.93164002012055,29.14327772201063,0
93.63573743378589,57.186042980410875,0
112.48540813113767,63.78789171441152,0
114.36655627875241,16.094066437828488,0
132.90001887389667,42.04568244619481,0
120.48952447861033,47.53474095963662,0
187.2840722802475,57.96318914193831,0
136.82742158377587,56.03284686598182,0
138.1294741321496,-23.808881152582288,0
141.98782842580871,-0.5983120960754604,0
114.720652792657,15.994394119800866,0
142.89642120355376,39.038773453657676,0
75.417412007985,42.26411148784783,0
152.05466334314607,32.24029388786242,0
89.21438999326537,39.708387138666254,0
147.79622877987728,-31.808808166623407,0
118.28193733726675,-11.605350559708413,0
115.131408317217,49.36982992629219,0
116.40689728626965,96.47536878229397,0
189.21911090039646,50.602070298620404,0
102.91280317913998,17.997045381081147,0
83.20872189012606,43.16673985725927,0
181.11468255012267,49.02554529138797,0
103.52067289630023,33.785902807985444,0
152.8033132811584,32.55927370786742,0
126.63937804199676,58.92357610622429,0
180.85272613854823,49.85368137963761,0
104.80031722918217,63.910233050353625,0
146.21764269204124,67.23573596469815,0
180.0564309956737,9.450973945203433,0
169.6910131112025,19.18499199846135,0
128.9175558188091,-30.03404551520751,0
151.22138797405316,24.029127219869114,0
115.06319669006436,37.20617800767242,0
129.5295614437189,54.49998550840057,0
121.84710759341769,63.25106645480985,0
172.60960994147786,54.36414230215553,0
175.91703306314383,-15.771170254608215,0
131.50102542563894,-23.8961285607053,0
126.25358537181907,9.415354509558242,0
115.64548060474732,51.2855821071832,0
122.12084856666782,78.73948542679238,0
108.07562561001505,57.83056687308697,0
191.3386390434463,20.253548560365815,0
60.462256637111054,50.23171038405342,0
154.63297997228645,109.68708507969772,0
139.75259629936025,21.92343445836931,0
113.01565459986503,49.83163830953926,0
171.9183727044793,76.81307021091374,0
84.91444403018684,19.805768649000576,0
122.48480654061356,61.33260352013312,0
92.5028490683852,86.61889349649954,0
124.25809024020667,35.68623144029773,0
148.0588588242489,11.131571205928516,0
114.2787093724065,9.909137615210291,0
139.36909660372774,2.2777872551316705,0
152.57883759023386,80.589124802287,0
127.78267543588436,35.918645156526026,0
146.1516195576628,36.60785482736597,0
153.80396872718924,39.08489281003093,0
144.64248030685948,32.053871568246954,0
124.09094796373176,30.481504952522897,0
152.09976665298902,63.39439781586604,0
158.5491458188981,2.713356385639365,0
109.84605111914519,20.75832584909503,0
146.08727631751802,62.79508954103393,0
133.08938689558417,27.31957664060114,0
141.58613667712868,29.502463757680434,0
117.57239690132644,32.8972347663016,0
87.39389398734707,49.010268035913604,0
173.9586243437747,35.922112080393184,0
349.59313033495937,651.6013421894596,1
266.92765509550907,708.9082069815738,1
352.6638711468344,656.9451430423333,1
339.09828967125526,694.5860397795037,1
383.56154749873446,732.3477574598388,1
282.07372962259666,623.7427588564428,1
309.16338545914067,673.1519680156031,1
191.32596983842515,668.6608292290272,1
320.52273604382566,662.4982442954414,1
342.3762594298785,723.7527987024259,1
361.34111178696196,760.3397099096726,1
240.21284551682191,596.8679177974185,1
365.27329701921235,662.7911811750957,1
337.66204561839515,708.0471540690729,1
333.8000758641844,730.2958554147112,1
250.47113611645392,641.9457546873864,1
350.12069723521364,719.8321616030125,1
355.2928739049841,720.5309992050625,1
373.22123724552745,730.4942804478667,1
306.36854046692673,676.9371096913998,1
297.98972159456827,675.8622454126612,1
320.0888441893838,676.2928214932471,1
383.29464090119194,598.2328175075335,1
297.62493593362433,640.9754274068192,1
382.17486921185235,621.2925612521607,1
338.8467251851334,665.6264168645597,1
351.343622357309,672.7036340135718,1
388.91352784933326,613.2799010916972,1
351.3503915599947,633.8072857218441,1
280.5419303980363,594.036398420384,1
354.28806607102405,643.7507961925579,1
365.96686843019614,669.4055684517631,1
392.5530000614923,586.8592399004253,1
296.00471946530223,752.6065258087957,1
316.42500751511017,659.0419998420249,1
300.1840589769569,663.369375064995,1
304.40205221806883,632.6419750664321,1
348.53504437256163,753.1642407146982,1
347.7528528684419,686.3409003617026,1
389.96119754533953,629.6363526653175,1
374.86367239680726,685.6251290837195,1
250.17235915874693,740.8539366307482,1
382.7413021327379,609.9804482246157,1
312.36694559190096,619.1305025954074,1
456.6752445456043,764.6370011024292,1
323.87174256581994,653.2010825559485,1
314.1611833729356,739.8719974873093,1
463.51851199455314,733.4851881628116,1
295.1803228528374,675.0408997194479,1
307.93141628095043,599.1552764393052,1
368.184572818376,667.6248139853485,1
272.72912813669535,714.5336706869714,1
273.49765237228513,607.2330682383508,1
283.5965999236017,713.9988706178474,1
307.83040228306885,711.6032849808821,1
334.4510209670209,682.4564412940144,1
328.31042469815134,749.7633566241512,1
430.6063138878347,565.6545078976562,1
290.54187488174296,647.5580686027454,1
270.94750463200467,712.3576472423898,1
173.74504030524866,686.8408974117538,1
368.5304443556437,643.0658415801577,1
286.6399363158205,697.5413731714689,1
277.18656690973046,677.4491234297868,1
381.96958672110486,728.1920333860385,1
256.9250382104512,624.1546167627425,1
283.07727589469766,640.3795580506356,1
335.26805147424176,709.267241036187,1
306.72335551685217,712.7655986998017,1
359.859991184322,712.0843788952633,1
313.46841674677086,780.5654472283616,1
298.4289226654068,666.4449920814919,1
345.19056062197376,684.082421947491,1
315.2809683957286,640.5973631241059,1
378.7082094409288,725.3982935127924,1
351.1351976546708,647.7231758969771,1
384.6660195315659,703.0079219439672,1
391.20267957741885,652.6302179626317,1
355.8012405360494,718.9343053876655,1
302.78898324072225,574.3752972880458,1
272.7093714704967,780.6203190149738,1
293.21875616220416,749.2841789082664,1
377.281591119885,746.1524190706044,1
199.48388551781767,693.577213871122,1
258.2116204556313,695.0431506411169,1
371.7481768049946,649.5876804167593,1
331.50579023383165,621.1994238903309,1
349.1872443096487,704.1377324647589,1
363.9732388113656,625.8934707704183,1
413.58715172651785,670.6068433371935,1
271.218681232762,758.6802966713042,1
336.85759013470624,633.5741308659791,1
319.3343795543886,615.5621882091554,1
264.8208166076614,609.4652580554391,1
235.35696917873432,719.6149203955347,1
361.1057131457352,629.6091616373535,1
299.57929792834693,665.9985328440052,1
354.13186033910455,707.0451977775266,1
399.9225802533256,667.4931231106334,1
285.01353938134787,631.5008537947484,1
290.11593538562965,679.0228935840173,1
351.86928233489266,684.4565861280071,1
264.1822066941611,596.3821000273648,1
288.07094338487536,712.4799696647668,1
303.09712924836145,723.5091560129969,1
236.34692177801094,600.6309946466777,1
275.1281473750379,597.5282521897307,1
368.0681592514194,638.5204252227481,1
381.7996751969872,647.1408513357118,1
331.0484877240997,673.0546982830763,1
382.98258884121327,697.6918881012945,1
287.2953211474622,606.5504489100948,1
396.1009090111619,672.6015248839599,1
285.73831084298024,651.6425017752597,1
341.97870366754984,703.350485160615,1
312.8674620814384,606.0244310952412,1
236.34351576505046,736.5704121259877,1
234.39074041209133,753.45596586385,1
334.5225397457631,696.4395709803724,1
347.24732193386114,722.7855424350853,1
334.67097720858294,698.1386314161598,1
382.374984640979,617.8719503069891,1
234.66594234566355,614.4118297941409,1
281.0384543878948,631.7617860356057,1
272.34038010601756,635.7069684897522,1
300.6086610778061,623.6707182928438,1
257.75257830064896,628.3359081986953,1
282.5798280722168,653.2834955805391,1
319.8861709457287,670.5026704030046,1
286.143919813034,779.323568143729,1
265.4610756374981,686.6422499328622,1
234.12598852025616,688.8464917464172,1
266.1231487645423,793.0167508798841,1
308.43026000486753,631.0109688446806,1
329.2827316844821,720.7574923078023,1
302.26415926558985,704.390602716469,1
297.6166543851538,683.9555397161598,1
305.9325412414396,660.1748409617902,1
300.59066077806546,649.9591804339505,1
207.93888058857732,620.0899396838365,1
244.3336255624692,721.5073857227649,1
266.51506780691875,666.5084330693663,1
307.3824599930105,710.4233848048702,1
399.51936018543677,701.2834300911173,1
282.8425431619184,729.5185569192392,1
301.5164314127779,657.3861361717126,1
298.9537756288306,717.4119462712755,1
228.91457802114292,640.4124704446016,1
319.8316933653672,622.246601577647,1
286.4669970311197,698.1119704267018,1
283.6057085992049,685.9381310828143,1
295.7589677107783,738.58814887647,1
365.499969036408,656.2019935112078,1
244.49521786133096,687.796355517295,1
321.0132533698212,646.889001990092,1
405.32780234005384,681.8544563094888,1
324.6927885784546,657.6467567014107,1
343.46175154444387,684.9145050860021,1
268.78134530567763,702.2219195018597,1
248.17048273972728,755.2453203278199,1
387.3585054080005,673.3244735903917,1
411.93197283071436,743.1262627614997,1
288.67528372279793,680.2051151505204,1
284.5666890630665,665.0532934873324,1
204.25825398934302,776.85033126795,1
279.2860872761136,646.2557313327083,1
370.34609377405815,707.5818063852719,1
322.8859083621575,730.677148143328,1
276.08817082783463,764.0153477212369,1
318.0823010710568,710.3873161120534,1
390.0006941925733,667.0468582211465,1
313.945066101644,579.9931127844357,1
359.2737527784927,702.599698749395,1
364.57628012130715,687.7706262312598,1
331.77980282622815,654.1029781061601,1
336.4027346941734,659.6267681825481,1
340.8273867446182,714.8239073627874,1
380.4695973241675,654.4834015466234,1
267.75170982294253,545.6142901541017,1
234.72744162871962,664.6163887327513,1
302.63541287110314,600.3174500059017,1
283.19137059811936,773.249892942681,1
254.61010993225273,717.6293765729247,1
367.7109952279316,705.3694136095211,1
302.4209934578767,647.3644080270396,1
279.8620222507367,708.3906206815032,1
384.15433680204524,657.021458736108,1
260.6216831709655,589.2210380964038,1
321.5953281498635,693.594823500202,1
356.209866578435,678.4275283075948,1
359.67400847951876,649.3543264304659,1
392.732432582467,644.2521896537945,1
343.43990559519557,646.2515317939715,1
169.30758763525193,676.7361276319384,1
358.77566146226314,696.5913368055611,1
305.10038719582843,715.4035575400466,1
291.10351104846643,686.8735629735701,1
287.7479212703034,778.4125268979479,1
182.87650296328448,747.3380485828543,1
434.2274467875211,675.900025184531,1
322.4911729173937,679.2315523672376,1
336.81343648149203,679.1278649415157,1
257.4759897363165,656.0269757879806,1
324.014687340159,667.9696535255449,1
275.6365381373183,755.4990082393921,1
280.7878907923259,575.2099497405336,1
244.2403316455759,708.8033694588324,1
282.589985252961,804.7002544828304,1
380.694627717253,696.8610606284684,1
360.5898607565956,740.5489060993159,1
319.36643363152405,719.8256094241955,1
323.35432107673694,758.6927304220733,1
357.89410438151,659.9548838842968,1
262.6648372414661,689.2475588128565,1
404.29460439831604,695.5096919857922,1
314.4893054765691,645.8479221865607,1
353.88707467395517,646.1529724894662,1
236.61246767968092,746.6674263335742,1
346.02767481786503,767.7363510804008,1
325.3940584138748,691.3281462119796,1
419.1600952080279,701.9309828881256,1
290.6482731029065,721.1155035453259,1
296.33977470502504,734.0434874093736,1
361.8777315125515,690.8565058881369,1
363.25703051811246,715.2416095937174,1
357.6212581550557,661.1094348701789,1
386.6552069429903,635.9963258254523,1
278.0570733303299,666.3159201680247,1
363.54796598697465,652.8892619522755,1
300.70630554675864,584.8103566950399,1
281.62907836581036,711.7759524245549,1
315.6751927025248,722.0689142519534,1
311.58679886198667,661.781363000625,1
305.5472176772167,659.0377857753992,1
417.8742619966939,651.5008606331411,1
276.04334071003865,630.9120724668488,1
313.90038636291774,710.3759181158669,1
247.32075981311698,668.022469308208,1
313.819788451763,611.4030458648544,1
290.77457450872674,693.5617224628323,1
350.7819039023373,666.6584728568974,1
346.5686881447974,761.881475767032,1
292.1263098210457,698.2782084075342,1
294.8133734946331,619.823725679573,1
295.8807914218744,617.3781863932359,1
328.8971252213893,721.0975160279264,1
399.7040358368389,697.8596631454968,1
235.33179713693906,729.295827175346,1
261.0163867647644,699.2648866142414,1
276.0953314312498,651.9939846908885,1
369.47592446274086,783.3532848233382,1
346.941683341822,689.9146877248712,1
324.0669133752455,635.3075502147318,1
332.7979253707275,705.2628150638344,1
250.51575977154704,641.5504867056408,1
355.41445955117246,686.8203751461257,1
271.6031685869616,697.1531104786188,1
339.8707310137045,704.4244179771118,1
340.9116573668076,673.592176376568,1
383.67086268653406,643.3966102882189,1
373.8876611126531,680.7582103557456,1
271.3764572851285,678.6617179630728,1
408.75193133410204,683.7009448060498,1
319.84792753784956,632.6919985642604,1
310.68168536053855,664.6664459507416,1
317.18090647555965,670.7171536644012,1
313.2383145687054,708.9976232909601,1
294.9743251071769,666.8664041761505,1
383.029922433821,671.3957471188446,1
354.04787925619564,708.3363935059924,1
356.94963407705467,722.9238541083681,1
281.8999195624506,622.6437028554164,1
278.3848757220792,778.9997720286585,1
294.55163954192034,599.0134851848798,1
250.1422682160922,710.1367633060844,1
295.48924760359125,721.2896557846773,1
386.6009350541976,640.4317655723996,1
261.5783029438859,660.6399152361447,1
284.4212317077217,684.8411548189141,1
361.90007999402695,712.9836952587638,1
294.2060936628264,684.4167817309816,1
298.992222620421,565.6137700589742,1
403.06062823655907,737.1311027983352,1
347.6994137874854,690.9395694375855,1
227.1080899084163,642.9745537990387,1
324.0278281740565,691.6944946770731,1
282.03076150677,594.2905387778429,1
299.8052635955203,709.701629372053,1
275.50162848923276,644.3165848463802,1
354.94974843703824,631.7620978830147,1
352.5246194173675,564.7894045906789,1
312.01837967435216,681.0224571426947,1
318.8705107313157,723.6520475713512,1
257.7242854397697,614.1859574764416,1
322.9192672992594,685.9538313127623,1
337.2304345154444,705.9184385839512,1
325.99583105686463,751.5807385637027,1
374.6297719777845,712.4453914437963,1
345.989513352176,718.5770799883027,1
332.6718480678798,736.2504499077907,1
269.1265722587776,628.2807233343616,1
333.0262205348393,678.9077398237752,1
366.1746992628831,667.4435246539767,1
259.9085916685593,705.2453742405672,1
271.7963998321958,675.0608070409747,1
281.24004025505934,684.1581814416211,1
337.19461675986605,658.691373648202,1
287.2137517764823,672.8662183469839,1
357.5137577918144,655.4290955813082,1
384.72036932982735,710.7615261316023,1
331.4809338432789,691.4408465409975,1
340.44095048211847,640.6276784092885,1
300.73192865995554,663.8650352370036,1
401.0783170388179,666.1588538861047,1
305.48669287697237,717.2056650021658,1
323.3066325970657,682.7724577265119,1
381.3458162736723,748.4943368683154,1
280.40717155319084,726.3773219944366,1
341.2998596803554,620.4515231642278,1
283.8156472496732,699.7445285622641,1
349.35248002091487,721.6023876165831,1
295.7769989499967,649.567771499596,1
371.66780428431116,678.2981475872348,1
309.7205645561272,713.3611306969877,1
430.41923754183733,663.8327731231057,1
244.02466422035283,692.6602258583887,1
388.7941373705401,700.5443005443193,1
289.8688122971069,696.4612091417073,1
340.7346535864181,722.6224061562468,1
265.6804441740764,730.8054878034765,1
291.1481720844002,714.705246475787,1
322.3557192226782,698.1898371853778,1
336.70276352523945,592.5206651534471,1
330.0671525343134,673.9913292285754,1
212.70859447594694,713.7164243108973,1
445.0827803858282,677.6035663248983,1
331.5643413268482,749.7823686551294,1
411.8943165605304,676.8514613970203,1
304.89823472633,719.6868297058417,1
302.1443759850755,669.1200268923026,1
341.8794419821098,761.0321296894281,1
369.92549683413,719.1087158715807,1
277.91661330611413,671.4427655385741,1
213.43520887950103,607.2356486850913,1
390.88325063177484,614.9658201684615,1
313.8520636622678,617.5827468033398,1
243.2587581644304,605.3972842727192,1
351.5763389231615,644.3401957175759,1
342.90483765592415,660.6562758324543,1
369.86222374444606,620.4131235305142,1
307.867162823635,617.3581797993479,1
271.31995704752103,697.1231789812185,1
392.82800238405605,657.6257422200797,1
357.67500179071504,653.1874978256474,1
343.88151784992186,678.2385738878651,1
346.1051790170294,679.918328270914,1
273.29925967732606,676.11366750834,1
299.3751305820904,648.7782878878979,1
154.34483255061343,643.4838969693443,1
262.3221943807001,697.9155992165977,1
381.0842015684536,666.2138402879716,1
375.8568171445284,627.7084771067913,1
322.3760199632607,682.8363457114538,1
374.87468148746456,645.3956478108882,1
343.894319941859,656.6396890103384,1
341.1834685019407,666.8426799364009,1
225.2546799042665,627.403256250464,1
334.07317366451923,717.7646537267698,1
373.97735891886254,803.3815071155041,1
288.1486878953138,689.6367238761437,1
278.8701127421343,747.7403682649136,1
353.45024558813634,633.3087781892552,1
307.81870673561724,684.4025173014741,1
305.20891958594115,551.196731933282,1
282.51616582628196,664.2818859954307,1
354.5130267767928,688.5100435425251,1
355.00951059864883,676.1719262247552,1
383.5663325928126,703.2762859382369,1
372.7126187931901,608.7558730482644,1
358.22413103198124,768.0481733066558,1
276.1331442476875,703.3113252429727,1
349.48029444069925,676.9713704342082,1
270.55201878806076,664.7998024862653,1
253.68902336117128,699.5180338852443,1
284.06897913244876,671.2469813635479,1
293.91952875623997,701.2981578045544,1
335.6006046194829,661.447957909618,1
331.2866658855791,713.6266024149538,1
300.12350632167636,710.6241136466169,1
286.4729253887623,751.5789280054728,1
337.50307375977434,651.2037555991096,1
340.23863315153494,656.5980139367889,1
324.9686244174011,685.7379496508246,1
336.13258349580707,697.6842534237129,1
313.81789500431586,631.7197116402454,1
395.6831371745265,687.1514781110253,1
343.54212039629226,640.968765413359,1
325.37520516157986,656.3745742255866,1
432.2493435457552,658.9921506495214,1
315.5000860013472,732.1371113799214,1
346.84949983404766,588.8661173876335,1
280.6729307953338,693.324057430611,1
298.6285709095132,627.3145144559513,1
234.52376649344583,697.7963520190912,1
304.32401489083526,665.6136371696792,1
315.26083380704694,688.2023569259842,1
382.7620321081887,638.003693796166,1
309.76739807147834,732.00214120224,1
319.92217290453186,635.5582018993401,1
303.38943177435027,657.828608850341,1
331.46265196898145,749.5731837119832,1
304.8379505040384,735.081092009611,1
297.3871750958408,736.0746014304782,1
326.6550830498926,541.4107130106778,1
312.4669958756728,640.7999968871841,1
281.33180734762817,697.0848993006837,1
296.71809703453226,567.0944398890954,1
336.41039067525014,635.8284822143947,1
329.13740171893596,770.1858217303818,1
371.17003141036264,820.9907265461322,1
319.4024530449622,723.1411244657228,1
307.59004190844536,659.9755792120943,1
289.2847077251981,679.1084808098115,1
229.32954102697727,680.0121781173015,1
286.74835344075757,678.0629548580647,1
388.37975212723387,613.1562773416229,1
349.6263928125738,738.4538189853209,1
254.53972489203798,691.3547011830934,1
342.0715282495839,726.7584349891998,1
382.0631045923896,650.9224130672916,1
325.2056277278985,730.8924302014035,1
362.91283958064326,674.4690665842626,1
350.20691738028046,715.9000590318966,1
382.1219840789787,744.3756857675617,1
283.75737338319044,686.9946287368053,1
367.36015210159184,628.582877818976,1
373.3486126836853,681.8749223694017,1
274.8466300554227,683.6217197164486,1
219.95555173630015,719.7523844902,1
266.6713014190529,721.3351352987363,1
462.678068207941,713.64443782845,1
286.28685027133656,689.3057350450521,1
389.7706481999037,815.2715575572328,1
278.2920068741516,662.2420191895314,1
392.9340345288979,756.6802048921436,1
314.2178794913783,709.3546674463267,1
271.49678496872895,713.9601676206642,1
327.1262634091406,668.2783829293573,1
229.2908376033438,596.0430488747181,1
290.4893201908082,759.6883088916269,1
305.7751128815497,671.4372946663519,1
253.17679675894365,691.6309728082496,1
392.2391550885154,699.7287940071899,1
278.99658632100574,756.3667707081368,1
343.07586464572586,733.4454275162445,1
364.9057303364532,727.2420789375757,1
295.3829242318277,615.6682609697335,1
370.91958480800974,733.8994736526909,1
315.7951538671377,679.6019412662381,1
288.89977674001494,642.3061432835516,1
239.032897330791,619.7184279052749,1
277.8502212325074,780.9008631100398,1
227.44847389023033,630.4463457476395,1
375.9330559890688,690.6580875375556,1
304.5271305918772,746.7086182737673,1
273.0787036032028,669.5197943275998,1
387.314616445727,679.8988120104377,1
223.5126877264587,668.8818435376677,1
268.37586512290454,749.1424329832182,1
326.83174850315663,612.9676831599834,1
316.06951961997686,626.3400719330708,1
387.9434519454147,705.8349152811713,1
323.1017482489525,672.776242760631,1
406.3350035774488,752.1637604903103,1
261.91268503425977,659.5858511336229,1
216.377514237825,621.2571907520105,1
326.0333308776347,654.5531580685496,1
305.6775583749266,819.5393604813434,1
350.91143561752807,630.1709244185186,1
290.63468941887714,656.9034123995949,1
252.68567350191893,760.2282905942991,1
298.3320343434374,638.7267615294392,1
295.2116873748836,691.6223496032741,1
297.9790359902983,691.7346797541537,1
351.13770766764316,712.3294339115888,1
350.7549482092967,685.8995282892394,1
363.2711736505696,716.3861496988853,1
374.69978682088504,607.6799043076714,1
345.27679865753026,742.3498626226107,1
371.01697802978566,689.8612056083826,1
334.81550424096014,654.6515481687612,1
272.95363151485907,589.1830767945762,1
368.45513463883185,704.0833341947814,1
315.63421525246986,757.5925852352036,1
312.8618660762367,667.9131487811675,1
351.3346182602329,697.7624462225793,1
307.54993730088916,734.6401574329534,1
355.8911132704061,684.3800878992724,1
354.60518514765175,670.8198294206858,1
321.46108293792753,587.2576520622318,1
303.94429992641653,642.8667533521381,1
355.7811765497679,723.3367556539671,1
350.2668342363978,668.5828285827275,1
280.07130720551925,778.516993952429,1
337.57201616548525,646.0499098865481,1
357.94541747143126,600.2337565089407,1
347.3216367983209,780.5795335577382,1
284.7832313915342,654.6800051896213,1
322.9364718341853,610.8721551968442,1
300.14749585740657,821.025962681259,1
367.00094508784105,693.2788394786461,1
390.5379909093586,600.479152802935,1
352.848422912215,737.4881563903616,1
305.7068815925498,684.6851460249061,1
359.0754976458783,703.3901896698583,1
261.3113322177488,729.7833216716415,1
424.361123523414,699.5524989835225,1
299.5497422080681,677.4415238346984,1
261.3261636967238,833.8935331928708,1
287.6943016708082,736.3937568046612,1
317.87514149063696,630.7306641319099,1
407.62832748058474,690.6046182265005,1
293.9142862557139,677.0974588479387,1
329.2534283257808,698.5878279288005,1
225.05675150917008,765.0073633548719,1
335.23155504131057,660.6291809522849,1
287.95210769954144,689.1171722559272,1
301.6332962885667,714.9971245554389,1
312.8567860644169,717.9281788982504,1
241.0904229445506,701.8969502517613,1
342.821273519835,677.6424786114904,1
302.90933707202316,673.6664882527411,1
312.7830478345397,576.6707541459297,1
350.8497882222205,623.9433432534184,1
303.6984210603639,728.2254156004146,1
305.63147283830455,662.3930690648168,1
320.0522774502275,690.9379758317829,1
393.3034825137034,763.1783179584088,1
363.44318581919794,725.0085782878355,1
249.59582754468397,679.9836328133968,1
356.9370972396771,687.8458628290506,1
295.3467477081404,732.1399259364299,1
247.17643211167965,727.7542226898086,1
351.9933071904651,636.0611333468851,1
332.4835188041709,654.9303746239639,1
306.34421448112784,672.6379028651689,1
355.3183671702409,691.2594831438288,1
337.50164316151216,692.6379608734088,1
390.5479499533151,644.28817313413,1
283.87501895061473,702.7295783158935,1
308.6617719409363,729.1379983187107,1
277.5526253416765,599.6707079523726,1
379.8842656368479,688.8989438238297,1
359.7965707582671,663.9241306888077,1
393.21082274238995,638.9069864557663,1
336.3472380200734,667.1914992948564,1
274.83155306497366,711.8222881425066,1
299.42016719840797,651.4307599402625,1
208.81713914517852,661.2810466637936,1
217.53684577114592,671.117515987633,1
373.340183298498,715.0265353533317,1
329.5270043938415,734.9497594788614,1
353.24834295363354,650.1606482726663,1
293.69365533326635,669.5407278162577,1
332.5244247042462,685.5207698611944,1
413.87637356218875,715.7601281936267,1
238.2662270696826,705.0998043222778,1
329.1169031179699,614.4411938553409,1
317.6121156675246,677.8596825707847,1
249.57099418419824,717.6868721071855,1
273.7531352743915,608.2093720813187,1
293.3171864116407,775.3329667684146,1
230.64946320994517,569.628726463195,1
353.60848638531894,718.1417891350083,1
330.8373605972337,656.1009471055239,1
271.3964743505894,613.4034048098138,1
288.7279248159786,689.0041016849905,1
337.16225563975047,653.9423056081416,1
423.28384192340064,557.7921515918122,1
315.3353476954667,790.1579842296727,1
358.0306266681524,745.9164428484445,1
348.92420993343876,709.4289735371301,1
206.94709975412943,675.7137083981283,1
260.3156541609619,700.1083134608685,1
368.3161297175202,703.8817114783973,1
217.03083502783352,666.7905683544558,1
283.20468298427426,696.2324692218126,1
255.89561450420234,664.8967916563524,1
341.0625914949114,693.5900791657632,1
418.17071982675907,657.2131672127987,1
305.11374081368643,692.1471760553143,1
259.62725415474,682.6684242323258,1
345.9591167006056,674.5269533614997,1
272.00882401329517,709.5111304873324,1
354.56148258951714,736.3903645994666,1
276.48869896297185,592.7812404231588,1
336.67332565572764,703.2900908254453,1
354.1167317339743,631.9099076213694,1
296.2440689381316,727.4418153307633,1
318.4729680911011,735.9349881299178,1
221.85320811057719,698.964460307776,1
305.5739344970443,739.7521680322621,1
387.22449643603596,646.7509331560827,1
317.7782582151358,664.358218329213,1
298.0415974980458,653.2687476934102,1
222.42428348685928,704.3279108333247,1
330.0886763972828,703.7495955119936,1
353.95984519799885,606.5895144337773,1
278.09803910504104,762.4093796630027,1
290.6515360735302,609.966406455259,1
322.8292040287875,664.8901852252154,1
381.17253503029826,712.2888491532616,1
302.623751077563,683.2513326477558,1
258.6141783774674,631.6190501348003,1
309.5784778544879,768.7012239540583,1
247.04480125653174,660.7194500647704,1
326.07048947238843,636.5445132060356,1
418.223174785761,734.9205604193337,1
275.44415395140277,683.7320878003064,1
421.60364435810186,779.8331619958607,1
336.86765556655826,671.0671703412629,1
284.8371359432416,619.2829192168537,1
337.14734070358037,712.1162728315093,1
304.09290285966466,652.2188938490588,1
318.0818887564201,666.8389675736693,1
387.7706656740537,618.2463561172506,1
326.9901970169752,710.3779443920279,1
353.3450958554131,764.7696906250617,1
389.28469953041986,671.5754822543531,1
334.6015613640936,682.9385756854485,1
328.3081014782999,659.3320658882143,1
325.6907503403722,591.391787760193,1
362.2000834807823,656.7524034205724,1
318.86077526725455,631.3304559473798,1
444.097560296512,677.489954210492,1
414.6272937308251,651.1855784682809,1
423.7586478647808,647.5698714695118,1
286.1702304582126,729.0191712119114,1
328.59544119552754,711.7620840140058,1
335.682010929953,727.301524841554,1
369.10035781998005,675.4194863432971,1
372.8816857419263,720.8327648515666,1
316.2538844200727,614.25889405065,1
269.86074367013305,665.2777429923689,1
349.1402489317446,738.150927063962,1
333.1859907174045,631.1388230625874,1
445.60067621392807,642.0934342567675,1
315.75514487697285,678.0994010095698,1
357.8288316584147,698.4954546907599,1
176.89388648831473,647.6415655641731,1
251.67836971821725,730.8488373119197,1
250.10713238497863,597.8917371129269,1
314.8549742918737,663.3050726619383,1
335.2350908094016,685.2672781988522,1
298.1496051506698,665.6700999945833,1
330.0062485442788,715.670407614352,1
403.22719000888543,716.1643217576054,1
298.91001147762177,672.445768409693,1
372.47807121496334,736.0564243924672,1
335.13044082259876,698.3253434928844,1
210.6648719222364,694.8622114331522,1
329.49079128515405,666.2032343770895,1
337.66255135957977,609.8237391433966,1
280.44682419741014,739.200174043832,1
317.73499893480147,697.5981648471529,1
314.2134195435204,695.1427433972036,1
352.2144284477847,740.3655668906654,1
371.46763544817276,598.0234828890467,1
339.63683298658066,638.0418634831472,1
234.1740585217936,685.6323896445979,1
274.2025810476004,659.9941099041707,1
285.6249227045144,635.1715553409215,1
261.55870132282496,660.7010535077505,1
272.46447923997204,670.3648344005626,1
315.79215960554524,823.7257669325006,1
289.22698134426946,703.5496647444278,1
397.18556086597073,606.1598754419147,1
350.3794914896547,728.7736000779837,1
369.68906411581634,688.7270261189514,1
283.5832258445138,647.529132859353,1
308.216435585022,696.2776591767831,1
336.5150146134541,713.8090254289299,1
295.4839727361434,743.9726029720213,1
421.40180525933556,690.1635996361281,1
334.57393803921815,564.6122952818698,1
351.6712963359478,615.8708029352632,1
301.7418214744195,722.4344359978505,1
393.7921634182849,637.1409914142598,1
344.29609991957057,629.1313930534584,1
325.2448664156207,706.065158913966,1
313.3689789921141,667.7099840716405,1
359.2303393323757,598.8611514184687,1
248.222315896977,722.3539708376677,1
297.2112662370975,728.4799800312383,1
380.46389006354224,659.5262192400415,1
310.1637990386814,656.0297778033771,1
285.3935887213986,695.8183690819423,1
348.7943808859761,712.4920390299731,1
282.84212517161325,642.0591606259935,1
327.33005180383117,622.826776643317,1
315.63259280252333,656.1856384409324,1
205.00531817138653,572.3222513602327,1
388.027993376772,600.3146481733036,1
336.8743421801307,689.3847697861843,1
300.29425878072686,661.0681762028553,1
389.6939264815281,732.3151449447739,1
375.13768055730816,646.6701953587556,1
319.6494359368749,749.9217743547001,1
311.88035276370147,600.9811136527721,1
334.6518326638595,597.9670358716453,1
384.98674953920045,829.0972510145493,1
275.0302798603045,629.82517601775,1
325.120204051863,642.5331236258445,1
317.05408132182356,573.7504531732111,1
314.65393304913306,669.5964759793056,1
370.1658731421701,665.114831020094,1
232.34546654808855,645.8898284128474,1
388.61551327124494,746.142971051764,1
337.6866235989516,727.1138045763896,1
337.9162767844814,710.7653253286095,1
252.00962801215928,677.4480470686563,1
395.0174569901554,682.0496085585133,1
275.94431348785037,624.3147450896214,1
305.03727063813,610.2073317908216,1
374.6262830947782,657.2835757098069,1
327.28708165051376,633.20442268797,1
373.73703401917476,657.4249215521322,1
317.96671320962645,736.175706630232,1
284.93390384781634,771.8170839052061,1
254.88081041783994,808.1226260461999,1
330.02980171006067,689.7586668061906,1
336.52888293848673,648.7253626450561,1
402.7020390550324,632.6128511128943,1
397.23559003787733,764.7779846135586,1
333.1310225588121,694.1519025938733,1
388.28175664357724,765.249301114518,1
367.44519679908046,660.9553751956422,1
231.19178983409358,678.0288205068296,1
343.6608268669803,711.4663109113469,1
376.37673514522066,644.3486219075032,1
327.0879350964829,666.5693677744755,1
339.4310421484439,659.9645180092903,1
280.688472287573,641.9391821266914,1
324.69162666446306,765.6014195545546,1
335.6003842129417,709.1741433624964,1
303.13152812854315,731.1380072241752,1
270.4672288038879,714.3547587807892,1
322.9024152268677,666.6553873599132,1
406.72724865003806,682.8277161927979,1
188.3992317089673,686.3387656747024,1
307.8780393958781,739.7861287284295,1
314.1699357861187,695.7128097651156,1
344.7864596713822,748.7506947875315,1
283.37529457192534,700.6220748250626,1
299.0055978932303,759.4474948514087,1
340.95994182464017,669.7830948216356,1
248.01347126118904,730.0257384700211,1
353.06075826407255,681.0112267338947,1
355.58892619655626,761.9280008223532,1
337.04280903816147,753.8783783121352,1
319.06682056931686,846.5766863552446,1
267.93447384706417,641.1455581233615,1
213.90616569480153,696.2076092552746,1
260.45491889641414,635.9100074615391,1
287.63438844674243,603.9210071084966,1
345.11518011114686,651.0273091678039,1
251.2808304259275,683.1982671129464,1
317.6038095857164,739.1941215782314,1
358.57908150958303,660.4989079321949,1
280.50382381294446,700.7104674375531,1
318.85962364485323,670.04593414586,1
270.5552086281523,651.2180477055074,1
367.61405349393567,690.656302388337,1
286.33558476960485,720.2540253085925,1
180.09034911731078,626.7177651612974,1
283.65674789953783,639.0008357183481,1
373.87606570690735,789.0189939573605,1
303.8937360260148,663.2537748253333,1
293.71617894794116,568.4596882718232,1
319.74106175863454,736.0817899967263,1
364.64036915210636,725.93666928296,1
296.6787019481776,600.4513193103036,1
371.37417649963476,651.2854128469605,1
324.35091864576236,582.2084582486003,1
366.60026915561156,651.1313884750928,1
320.68604586094176,621.1018855504957,1
330.35620864535144,664.4261833792957,1
235.50152088999772,649.4478007935081,1
230.6850117377932,649.2384397193364,1
309.9130048156816,632.914360512241,1
275.0322505482117,676.514919534707,1
317.47549431739355,685.668826920292,1
313.3334081508915,676.7248376859778,1
266.86007774122163,681.3948790775781,1
392.2305579407682,709.6948070360148,1
299.5609625698714,684.9051246809661,1
339.8475744976537,730.8140820596713,1
384.38800462408295,607.9460908123709,1
329.195976759955,658.3278743692211,1
322.40306933963933,725.6659788792049,1
229.20582755325503,743.3298560015651,1
270.2979377240043,639.5463554576655,1
352.62372816940353,593.4087830808132,1
311.2901176990864,666.374515546187,1
249.0658746184582,714.8442713925798,1
408.08214856580855,585.1612911519469,1
313.50788947674766,662.5218969817339,1
326.4631879484172,642.1390007500622,1
353.7658776363793,690.3692573516695,1
303.95051317350845,670.7221433528565,1
288.3469943108793,680.9990882138752,1
284.3436937597805,714.0074837616326,1
387.9261997137051,688.4058650490385,1
373.12839762993934,658.644422431981,1
317.706513940875,704.1346543961,1
352.0151879573297,646.2532753714398,1
329.59095044026736,617.5910060834524,1
364.72667146515437,699.5568059182532,1
301.96010168746403,686.5223554368824,1
350.16003628172865,722.821907795226,1
378.3291591218612,781.4279247820904,1
225.37736759330784,742.8094663925782,1
314.5577744069685,775.608971022948,1
407.91240770132976,678.4113970618189,1
307.6059831228648,678.3664678006336,1
323.94821360892684,716.8618464852689,1
258.6991829787472,659.8269227339745,1
229.9021990894734,701.6901684232511,1
283.40983825249816,746.6710864024516,1
351.40802291309336,664.0288850633311,1
329.9611567409579,689.995420951165,1
382.6445131102124,731.0301039644196,1
365.92481351642886,683.2701593176606,1
261.98812638075077,675.9531057328364,1
292.4086839040642,722.3962333925758,1
358.9923822055655,677.3956178202054,1
255.09621052502547,672.832012306622,1
319.85898540636083,710.6612129423428,1
359.26739929710766,622.3208957242975,1
298.83314697389955,707.2250628158582,1
333.36053940560504,715.73841523812,1
296.0371972558899,701.8388900037922,1
317.7135005340179,659.3570388795046,1
320.26243834452686,759.630902704959,1
265.8216005824856,701.5234291577517,1
317.5940623481649,681.1723257005228,1
337.51689512095265,708.1040607777433,1
340.8798567778267,678.2776603209691,1
257.11124719148313,641.0256693553774,1
410.4044268057332,604.7936231189877,1
222.12900960532656,644.9834210410905,1
296.4209240788903,727.1409562292853,1
276.6253552766091,711.1904707633089,1
267.841832082726,616.5783521753407,1
346.57603811226426,749.6174941744142,1
262.5926143126381,732.1192902956948,1
338.57316209556456,797.0221041421967,1
298.7925463328394,615.506292160008,1
370.7794721242715,752.1310914904643,1
347.05986346789757,642.965801751991,1
304.55281689073064,739.5480232287347,1
297.1126263030736,780.0236108815767,1
307.0371060739588,713.8507815428421,1
337.35054615567293,705.158408107402,1
348.5720743677868,651.7838764774787,1
263.4229993640428,638.8081420843502,1
319.90190290181255,764.4839746690859,1
292.29020521273,633.0497954581195,1
324.7619057577189,660.3746633805748,1
278.46654648722784,704.560975163365,1
365.95774271109974,708.19883662819,1
320.14079253071753,709.1499890556762,1
331.82815754047965,753.9743749190484,1
374.47725760601384,746.6063492285293,1
308.6941692779707,695.9188525947654,1
311.16930575808755,749.5565283556505,1
277.5056833342795,699.348274877672,1
262.92586730192335,622.6998461550853,1
359.2057879101331,670.9755992036748,1
320.7078000865524,674.8271795151534,1
334.53212369200867,733.7164889572264,1
293.3665988869037,613.5508561177977,1
376.885951442389,791.1506532018017,1
344.2687386974444,626.5182736465491,1
272.50372467626977,718.1032221017082,1
222.11362939286386,645.2919241381272,1
268.20194068956084,684.8545043329939,1
345.70022888534794,749.9846327634577,1
343.7086716589787,646.6164630039552,1
263.8245906265036,704.1166147004232,1
365.352453794081,737.8335685166464,1
325.6587612494505,689.1220391682363,1
240.2510094058983,735.8077603103234,1
347.20087605240883,690.5062468469334,1
377.8043173056865,686.9243883903324,1
355.2747226300803,678.2286773665847,1
295.7688348838708,734.8867655317422,1
342.23898475834574,648.219427721254,1
355.28079596807027,724.9087127442338,1
279.44384922787407,670.0438592578383,1
358.81631709395316,730.7915399968178,1
238.765127606094,706.1726276824554,1
278.4318542852722,645.8065704094018,1
929.3538024280808,832.4289273100693,2
1150.7849049417432,909.5904137998621,2
914.7814942169507,843.511142097051,2
1164.323355217421,817.6030813181526,2
646.5103506739716,829.7800360764752,2
1010.7878910088311,899.7653331212277,2
1073.2050109339036,811.9182806249731,2
759.432506977201,739.7004754210535,2
902.9456050045568,916.9709378431577,2
777.3504240124815,799.6353456134735,2
1119.3537948095686,958.0586968131981,2
894.4877168938704,680.9199997495061,2
926.7874543093176,754.5654076350204,2
974.8822736193945,898.3395929358979,2
1012.9110944371985,965.5809847154121,2
1089.6959399715356,807.2080748571447,2
875.3524238799794,741.366581114444,2
1204.2245335538603,753.4683133025776,2
923.7436442395202,588.8821443969974,2
835.6726595230429,696.0213911768833,2
1001.6550488209936,799.5303307690729,2
1026.247676603147,706.0355634613695,2
832.0031907102642,924.5342380183515,2
858.5432578938378,691.1680159992932,2
765.0225548116316,803.7145819316735,2
1052.5756693382903,600.2357052324719,2
1062.951798937366,919.2190400184583,2
1109.1544739195763,710.2218925647617,2
941.9495776972881,843.9269043409497,2
974.6347565972133,770.4903932772604,2
1190.4330572311,844.1768893723543,2
1109.4005260448455,907.8232854319859,2
865.7252928265463,917.9003555679933,2
1027.1530055267106,895.1600329811497,2
971.2649752416393,720.4373574162742,2
1226.622659220976,892.9985258609514,2
878.6349337348441,981.6079900490395,2
711.6340232773136,778.976310085929,2
924.6283055040377,895.0720804362032,2
1036.1904717911655,774.3205335380862,2
931.061794480403,700.2337951079828,2
1004.9700672126027,920.9309639572045,2
1072.928447468408,864.2537131345076,2
1019.4469216023971,637.7446280417126,2
778.7358406427525,914.3333631089922,2
967.7585268687767,865.0299876160265,2
1076.7379121588276,712.180867976753,2
846.6208866535854,786.7694674736769,2
854.4416411861338,842.7450388097657,2
840.075207748692,896.4982858247913,2
1131.7570721303553,821.5544671454139,2
716.2517007207564,1039.143767008955,2
966.330959279441,865.568758820549,2
894.1871711164754,698.7782126485881,2
978.6803681168647,774.1903312145122,2
1048.6814132801671,864.0823766801502,2
963.9317079287642,711.68877701956,2
1171.5544971795723,758.5480983075192,2
934.0923623695402,1019.3791813893423,2
1035.4897398314674,669.5169428152874,2
835.7813853375509,850.3477056778161,2
1086.138123802819,762.0533172165988,2
968.0336499460644,835.416644173327,2
806.6399245587577,1047.3926997192907,2
846.3692767277996,729.8191604096049,2
787.515807040621,878.6423154519968,2
1135.549293308696,838.7817887884764,2
892.6832811730769,661.727227247667,2
874.5711163736155,850.7328553181367,2
948.3834589598702,850.5276160679081,2
827.676255431993,787.0130326234262,2
997.3892637031935,652.3533847526162,2
970.9026304672527,943.4500000011615,2
997.112801356413,910.422094374665,2
1163.9433373823954,739.2723223668208,2
897.266830133228,678.7970215297125,2
874.2339852371908,806.5496541397217,2
1098.9581022117907,963.8099959008925,2
1061.8956501259916,1083.0955003538584,2
979.65882891464,829.9281535729081,2
829.829869992129,696.8997257251831,2
1130.1363553294204,1092.4209292787473,2
894.9821873760444,859.3330016024163,2
1082.105761877861,919.2149111792112,2
686.1172687522419,815.088430621431,2
868.7426150633343,801.8283443833394,2
990.7083482243308,853.1649612643733,2
1169.2355288546655,702.5225870712945,2
997.3748581254968,896.015276274622,2
1059.350842548485,940.3454587281831,2
966.3012168163464,800.1432578541796,2
981.3794522931391,853.9198622067908,2
1029.6727810749078,853.0758374816064,2
856.0932517006383,837.5726891856888,2
1034.899465778758,1006.1304720477212,2
879.9234692877184,957.7195586025729,2
948.3035533719425,831.9473637048451,2
927.0131390599466,769.5060570963617,2
1056.3933135416778,862.8702554551634,2
1087.0060084500574,841.7510301276328,2
851.6362021100126,984.084009204976,2
1003.3652606915695,847.3491749122722,2
928.7253393571576,717.320734117064,2
976.6887150266831,895.4807246459748,2
1077.0484545133447,722.890280934163,2
925.9795587910127,779.1384569345954,2
896.637453970799,832.108755045864,2
1000.7641607323528,738.9182881799262,2
942.9963358693401,850.0561741963955,2
1029.2281591341737,931.5963675017309,2
918.8270473054082,690.671641243692,2
739.8303441235528,895.9857279740196,2
1029.3901558863408,911.6210215179487,2
905.9782556647891,768.2349210507379,2
976.2214312984979,809.0168153554908,2
851.1699815187915,821.6944846918481,2
1070.7371370377534,828.0898702894548,2
1156.431678098446,805.5288189339503,2
999.2190148145645,768.7512172940316,2
1159.5596041637793,794.8336055642094,2
812.3264202114182,755.7467078224149,2
931.6808995557973,685.0083429924439,2
770.3765401984325,706.413636607409,2
1068.6939923097639,777.171391376933,2
742.8943021359951,846.7674305238879,2
995.2926148196372,938.0595753305436,2
943.1556993101144,725.4085933619408,2
1029.7399653021605,863.5066146098978,2
1042.9460246686763,647.1037562056108,2
812.4152824778907,863.3060984052587,2
1044.6295868942032,847.6777362777696,2
1072.373597176744,1010.8727237312935,2
770.4018444458871,917.4464145076045,2
795.4173504227791,1081.8670688498146,2
760.3849035301118,851.3677733272773,2
1072.516989527704,693.2581807279084,2
936.321400274983,895.4972479287917,2
1110.508265047566,877.6743802441789,2
1187.6055452132593,931.5399633070501,2
1066.8034898427882,653.491333736132,2
951.864944583516,957.824020840083,2
1052.642939439172,964.3326245079164,2
952.9172358605958,1055.2428403854697,2
916.4664575629185,967.0109323255901,2
1062.9470662912238,941.1054595417693,2
1088.9066825137475,996.1519559362373,2
1117.773503373517,785.4974704759175,2
947.8038266196844,856.5926232433401,2
1005.3094356367051,886.7102082110988,2
916.6495909223964,835.2901850362115,2
937.7051371603354,753.7623666342388,2
723.783887115588,717.1564702118345,2
991.5523005703426,765.5526575217452,2
987.8314861696408,920.0058031194999,2
880.5566141492623,886.2115287736009,2
813.8286293664564,613.2511989061859,2
890.1313483496565,986.5150179403626,2
941.1080936514156,802.2586363225435,2
1013.4685781131165,989.8178365423611,2
1075.7133787587115,876.1648722625108,2
1050.7167510372585,844.7376558899866,2
936.9895403456582,857.0949016819721,2
814.1089807450766,917.1813981301625,2
1008.6526201735329,799.6493822142847,2
1062.850451274474,1103.5620938463512,2
1148.2613151321152,980.2569637374424,2
930.883089992283,868.5063764889705,2
1070.594633337833,1007.7151311890539,2
861.5980736907152,832.4620178847385,2
966.8980589816647,914.2098118614697,2
1126.1925949888837,834.1615467070188,2
1072.820996950588,794.91385063243,2
884.5940255754588,912.486429147316,2
1065.7811758154955,687.2230840762647,2
863.8543483487035,1001.0238584081442,2
1016.622182517353,625.4540246126832,2
988.5377196289345,821.9139224823585,2
943.5473688046324,662.1180949623209,2
1005.9157897587226,850.9466522184118,2
1157.2177720030263,847.777027145511,2
975.245416726762,842.4707585889631,2
1131.132716130727,838.2801225269582,2
1080.169103774607,899.777991392432,2
982.7647595790152,997.1650577895848,2
969.3912079787023,923.2237543715135,2
947.9060430918448,877.1680835210041,2
1057.47798781469,1048.0136090319806,2
1070.4672079328216,855.0237723928009,2
889.0824843292856,923.4436453526614,2
876.8150637780165,912.8002789550575,2
954.2979526358671,969.4660207888069,2
928.3047653995343,900.2588862418794,2
1024.3443699709142,923.9588521554449,2
913.2778684301236,908.0918547664747,2
968.4676294266792,732.5043586860527,2
927.6325883161414,914.0334273949484,2
891.655724907632,946.8644821446812,2
1003.5239300403698,805.9849041837109,2
1083.661220181465,858.3260705711393,2
1117.6967079485703,847.3396517291665,2
912.984960323515,894.6444146287912,2
991.5562379645427,1049.5527142391838,2
848.267303637208,681.0887762906946,2
851.3373408734446,947.9032795421721,2
944.056255091033,623.1733473693553,2
915.8495366882777,996.0285694634243,2
999.8218595199206,647.6080196677655,2
993.059450317382,811.855302147048,2
951.9383542220778,1019.9738096542287,2
972.0960173616251,1013.1334917385701,2
951.3799993549125,936.1355195719597,2
1121.4176272648172,972.3150518582077,2
1044.5992427237165,750.8895023995262,2
1135.1895095511968,862.8114542606876,2
974.7975858356411,820.5353486195622,2
1059.7335963444698,887.4963507126575,2
942.7491424089455,959.9468703727068,2
913.0414740241413,893.6991862767555,2
777.2314609091466,820.4731349345695,2
829.6926076231164,858.6289368651828,2
959.7323093555715,947.366137965015,2
1271.5021046317845,745.0341816996315,2
877.9582205810475,1024.0909634949335,2
1028.8892145315567,934.6688832822664,2
988.371485982296,866.964453722716,2
988.288246554252,780.5337110942503,2
960.7196773284294,836.4187940075077,2
892.6125244897326,805.3190831569133,2
1112.7851305628412,920.1036788044465,2
837.4415522898964,888.2381121057056,2
1012.9522545301166,867.7301411509115,2
798.6780681161686,747.9105667181651,2
844.4220217460822,918.3879007739505,2
871.2905265574966,843.208141270899,2
1066.4874339449775,919.6485296868865,2
1056.354566687428,696.0071686413717,2
883.4222544819139,784.1364378385098,2
872.7412556903117,777.0005239470937,2
902.9000629289176,887.928286157196,2
948.2809420294825,817.8710625349413,2
996.8173894064549,913.8209617074788,2
853.3334015908761,1098.2779899934064,2
1221.3316856089803,692.0919763384496,2
1075.9284371105032,743.9092132378522,2
1060.0670332467803,930.2325521922158,2
871.2079067442809,899.474815591733,2
880.1852693138051,616.4914702262469,2
1096.865546261362,830.5529367089639,2
780.7943354452416,975.2306039905131,2
1101.0931806396636,869.0981865142908,2
821.0737241725249,808.0778067387429,2
811.0383323725805,888.7474067692051,2
864.5956967358637,1136.5159578136534,2
1176.5796101632307,850.8202254009052,2
945.6550353200361,757.5294960153916,2
907.0265749201039,887.3643728296837,2
1016.6329761646823,955.0421202876337,2
830.2711435802255,803.8731545255307,2
1066.4647818869933,942.638747191754,2
999.6207885166145,954.2474951782891,2
956.7572544837109,843.3946082703218,2
759.504271261078,727.5877259593675,2
688.7417965876118,1008.0139465152035,2
1023.0463774067009,988.340511695442,2
1035.4677124766672,889.0100437389057,2
991.8408679971495,808.974031328702,2
938.886576138964,1031.6743625277895,2
745.5043358865553,804.0349586053217,2
1092.9556479078938,870.7744534935042,2
830.3968916452262,822.9885216406327,2
849.0632832982714,953.4275163844579,2
1132.9810246871962,655.2565921525984,2
928.831514835658,788.0117978127678,2
992.429245851053,819.0350727089005,2
977.4244944995066,681.7639232581761,2
951.8187579768711,882.7852587109733,2
876.0679152460888,958.3644676237958,2
668.3852953209125,920.146068197139,2
987.4901046988248,858.0385325299304,2
709.6849793566423,877.5606826396269,2
510.823430162017,905.6915157263463,2
966.0169524191306,864.1659461746245,2
839.3777182480668,928.0510495549942,2
987.492773729718,765.0708298718178,2
1039.9232245600015,884.5653792048877,2
902.8564740328925,898.414376303812,2
766.6114470698717,773.9118396041544,2
864.2729871802319,708.7237137139558,2
1014.2477803262938,856.3682663381138,2
998.3290567405578,924.2278877376439,2
986.9191688246724,739.462900763057,2
1141.753500013533,935.6984866493481,2
878.1689978340328,1023.7507938518623,2
897.8472170294161,777.1971100661614,2
930.1768317266094,854.7733640894102,2
772.6107700977766,831.1422710626568,2
998.9865756822013,1063.9363708020192,2
1035.2773203694446,930.0962626644971,2
1029.7043022099726,660.108268662392,2
1034.325134391281,784.8790021215035,2
982.0218585203604,738.2377559135829,2
1076.0819889354818,773.0231194845851,2
1096.5046860148097,613.6288601416445,2
782.2920870622631,982.7883772065743,2
1097.635659508264,960.157574541669,2
1025.1828352824193,942.9872868836018,2
1037.0848873962937,778.5999751763638,2
1068.8576231579916,849.0088818544567,2
1103.9794232956347,951.1775888578077,2
958.8400133186218,730.5454214942778,2
993.5179430517011,758.7790827809242,2
880.0622990784632,759.0763693384985,2
1123.401611862518,1021.255841086568,2
955.9108821926808,826.9661611342876,2
963.6539043237641,838.272868123584,2
1102.9646233979872,679.1536472684373,2
972.0989097598435,971.0363753282671,2
823.7305713564365,887.5014039362013,2
987.9685130658628,1015.2297495309531,2
1013.9781200497704,721.7447344293553,2
1086.5540831102871,870.6156399693746,2
1053.784040126364,904.5831044035662,2
917.4130802327046,657.0409633193228,2
766.0656085739217,934.5055944203185,2
1014.4488117872867,821.115453006615,2
1036.1545557527272,778.585726833151,2
859.500142388546,1026.8479054310917,2
903.8354909124065,891.6534938817533,2
988.8380250551012,772.5202686679789,2
935.217802965815,840.1105819437661,2
1112.4125634058478,818.1742767693694,2
997.3942392826344,820.2519048058041,2
989.9529064811691,858.1669152082686,2
841.0306427515791,899.2903404150134,2
1086.3527522862862,945.967645772537,2
1199.4341999235082,848.1838519108957,2
939.3780673812149,879.3650234183308,2
828.9981166118713,832.0160550778572,2
1093.7158187238108,893.8970939802706,2
953.6370507527171,894.4540199378459,2
822.9167430873457,768.3063127557871,2
867.4067326586937,817.6252175902969,2
815.8335018967508,883.6210721358907,2
1058.6793441248228,890.7672732050039,2
839.6333673989976,910.6141563395165,2
867.7371756996882,858.2252327088559,2
974.8953134920113,773.2513200273247,2
1047.3840740613457,722.8534637366082,2
931.6733958828611,654.2128201337086,2
1076.7233928821177,700.7301546931393,2
915.527068285246,717.104057673348,2
1132.6118699953986,962.8818729198265,2
1032.91563652568,822.8911183166181,2
1007.3773193485043,897.8542017073347,2
976.9613139894121,652.3878046612488,2
933.0932189793539,935.9809907106545,2
1135.542626361557,923.2369999517608,2
1162.0559054022438,758.2107179819914,2
972.0440538556306,699.8309776024894,2
1106.930185222834,810.2242104909906,2
1222.1032161211824,898.2709482479764,2
1052.146058692519,854.6789113429976,2
1042.5356917938923,682.2323154462208,2
891.7199068193461,737.5463013219434,2
899.4625487328547,831.9935039015729,2
1099.6376564161285,810.8700677343966,2
941.8498729602209,973.3633178241338,2
870.2716181274272,762.7164151910544,2
842.3396676903329,799.6172328332445,2
1003.0172697809564,820.8317413283138,2
983.2013721250256,773.687548742811,2
992.77362399162,698.9269887090933,2
992.5366556067082,950.8868977987248,2
906.2914660035228,971.643310959324,2
886.514963203333,632.1380293753684,2
1139.83586513403,761.0588753825318,2
889.1699415262675,760.0497197929293,2
841.1348369264125,917.3901751443425,2
869.1475522342162,998.8439744205385,2
909.0603201258261,968.4980436846856,2
932.9377309485549,863.5086889255462,2
1020.6877264960048,806.3972833559409,2
1084.3627264617985,655.3981148769401,2
899.7723687581051,672.1861191084681,2
864.7045004422286,800.3904339099344,2
1017.8633010431693,1114.003671934207,2
1002.2937964586347,866.4373873634944,2
994.3462272202958,749.0747439632188,2
954.1676669974513,707.5270936248256,2
828.3171378884799,603.7310215134613,2
838.1745487789806,913.6370870818645,2
1065.0069543276443,800.5550818515351,2
785.0275268749173,647.1844671069122,2
934.5129266474158,872.8169314839386,2
854.1840143328446,971.6489944880325,2
666.9723162064633,942.9014934633424,2
975.8982223620712,796.754290529676,2
1002.6005646450316,702.2005576957343,2
1028.4240220087859,749.9749030683453,2
1211.008240845185,907.7180224639836,2
1177.2369843376257,825.2822211071033,2
886.7916794907544,787.4425527888416,2
983.5930547826105,803.7468143655751,2
951.2814976165046,744.4979547300414,2
1185.5365330828604,918.1294801743098,2
932.8538547032446,790.5481033989962,2
931.3195719326577,836.0451030841758,2
984.5394381501544,899.6601216821705,2
864.523019108895,1017.9632367483628,2
1027.960905141751,714.7657386958432,2
1003.9920202403431,665.6971943223631,2
989.2571448101078,913.0592530244315,2
903.2951800210167,932.7682756374354,2
1058.0077437648874,872.2519541002798,2
874.3135220415154,792.8182719410305,2
1099.265346669428,828.0892441988392,2
1133.4085827268136,864.7574547627155,2
939.6461382080454,927.0805463681716,2
919.2390428026844,925.4148324378396,2
959.3564359537716,671.4095150789731,2
1140.6639031543205,805.7220902112016,2
1111.0405841624179,836.2411096468923,2
1301.188516346957,950.2799664049144,2
730.3677843590682,820.7879048979936,2
958.9943028784173,821.7395584037657,2
909.1963470733228,850.9760565281708,2
927.7577839208152,925.8032343707745,2
1087.1637678340185,829.4481065478815,2
1119.3498695405378,842.821150448169,2
1140.7435808044559,941.8982184024348,2
1112.9210006358994,898.3062980826619,2
886.4040151694559,786.8561480969819,2
947.3544830733556,913.0375545189551,2
1035.4583681167642,941.0681793389847,2
843.8382704335595,839.2926238620427,2
952.6462708261572,732.8158824225283,2
829.4300127071355,800.8268690958868,2
1075.990524763703,805.3789091824817,2
1032.1138560383513,689.2159246578221,2
1040.3006533230082,978.3804944249281,2
1073.2420270208606,937.4724933975775,2
1278.6247476320918,758.3034606251533,2
1003.1115678879978,843.655368700374,2
1008.8859653883565,1036.3818430025617,2
1025.2730379391005,908.8006886572324,2
837.7617484963364,720.1489831247229,2
762.8183825100947,824.3583141774968,2
888.2142075825213,941.2186340273382,2
924.858795436591,764.5178471124984,2
922.1263646817017,955.9346707828391,2
988.1119516892261,996.8583719803455,2
982.0953579466063,747.016315936627,2
1027.601919833684,745.4950097915377,2
950.0236713684502,647.3513243136167,2
974.576170548092,946.596900797147,2
1129.2029106232133,897.891900601674,2
951.0688464301546,710.7108485804027,2
906.4825675710732,785.4854081455679,2
1038.3996651995406,800.6540389655912,2
933.7680750985801,769.4610388564209,2
974.1485055381713,759.6322428396559,2
694.8190439342413,860.8776794814106,2
881.0121387083894,737.899315916609,2
804.7544748940056,919.0002399717648,2
1072.6036757778202,747.7178788060702,2
761.3759810389706,975.4337005468094,2
983.4230185323233,848.8524795991698,2
883.2041965572743,856.6063776056545,2
897.634520484163,921.5738484876158,2
986.1952994730219,723.7972347253922,2
935.6044612355615,713.841752677041,2
1095.3422745291368,772.8928469869365,2
910.395106762811,868.0421824378193,2
1088.594511366705,979.9468291827719,2
1093.2655178617247,924.4507984379679,2
1080.842492465873,853.6119664897985,2
830.3986817833295,768.4619500054097,2
1058.055273004665,747.4785887686813,2
846.4219637628435,856.2982963310702,2
935.5525660728199,620.8896331243592,2
1045.064187723186,890.8582262586259,2
1054.569396552831,910.2620456156546,2
822.2192532826554,902.6973475324157,2
815.5939952356953,860.3607373931192,2
889.2077154867792,895.856464960035,2
934.6858447683311,867.2969188886448,2
814.4947669015588,849.907817176885,2
831.9315947919799,781.1842453677477,2
1009.8583817852967,770.3109418279507,2
701.8956970246134,957.1215058523876,2
836.3273980711234,776.7559867195728,2
766.2583271259696,812.485025006393,2
746.3473080562951,604.2904843822923,2
964.1023188897085,747.2641334295616,2
1095.7797336097524,830.9514861299858,2
1066.4804268389485,798.7451167266139,2
915.43851811302,606.1975530536154,2
1009.5018694559113,891.8754433893183,2
885.9646316015683,720.6438554254032,2
1024.4158687724682,1099.741175665302,2
929.0495260853454,842.3098000235816,2
1041.5701024801217,744.3949099477894,2
801.2044560060501,812.2481403681072,2
1026.9526571965741,1052.496526239575,2
889.319439124994,1102.9951307468978,2
1106.559709339738,954.3193321421504,2
1047.623620501341,894.0099928568704,2
924.309052883391,1085.5677287696424,2
989.2273831513793,898.4131492364595,2
725.8249875650524,998.3744756983134,2
728.3384042909065,706.0355411819539,2
940.4745719992418,903.682563366256,2
918.5204805625921,856.7525327225987,2
1185.2442802686128,1084.9539593209574,2
1019.6016716340939,688.8164812148698,2
971.1200837663321,893.1403988861409,2
1030.1898397070975,732.9721029903704,2
984.0683388834685,911.2679723231031,2
934.1832103583789,1017.321474693723,2
952.2942041352994,935.2883027345663,2
808.2651639984122,675.4875255769252,2
1073.6680546385862,806.3968134787493,2
830.8258971801013,708.594355102678,2
901.9638510586475,793.8906980430477,2
863.2516130483715,741.9082377484058,2
722.6489281526902,849.3799147707708,2
1102.4043111722913,765.241801271427,2
929.5196265955828,785.8046331543067,2
1001.558416835966,742.5399361917143,2
1069.9757390213933,751.417433092029,2
1030.4883220951363,844.1382081813532,2
1056.787653656127,826.2535678861738,2
720.7530700527991,810.4593127044245,2
1026.310184052804,818.6680380897537,2
1086.4654675205284,914.7969692829263,2
1023.8010406806779,933.4703630538698,2
917.2088844259653,909.1648764210602,2
915.4197937765733,780.8234807636866,2
865.0732003045233,717.5101563565391,2
936.8802959787996,856.0672283097139,2
949.9944403964312,655.4484611740918,2
830.3319936134808,701.6518645028489,2
1044.5976886505973,683.8719616898613,2
1172.2557376677298,683.2109123501629,2
1085.2707418126154,723.9807326777938,2
1070.556285483068,795.4940571247724,2
974.4637316368791,873.224603010038,2
1119.1608856622697,676.6316908249661,2
1015.1261451460604,816.0304654565949,2
896.1815256348974,917.7292847975859,2
1003.2684674175256,557.1533334746202,2
795.8754502672373,811.6621026077667,2
1245.4895455897763,880.0846182655123,2
1008.8725415926633,1094.5179717933238,2
868.6506495536012,724.3539798174905,2
864.8555329150267,831.397766338568,2
1060.7944314802128,677.6065197139258,2
911.7042169486798,903.2249593453854,2
1086.1272010928712,733.3375271873472,2
872.8816681716145,788.1906094650275,2
1012.9659021636505,717.3327066307279,2
1066.773092539008,966.9176309808726,2
1107.308034857094,874.1369370991465,2
1220.33533973963,1022.3242739203683,2
935.4565560604398,680.7328429466025,2
966.9227184314873,716.3664279803968,2
991.8011632445343,624.2704001714394,2
837.29036601143,884.9012831182688,2
851.2392327987338,865.6233658208374,2
848.6852093975434,879.1261813032236,2
869.5149525958507,798.5680756534832,2
986.4811547888189,971.3580291417613,2
1107.9947872809685,797.4047282851564,2
1088.6143264584507,1072.1232389054421,2
1035.596205106378,659.7629821115179,2
992.9023889804669,781.7159869544887,2
990.4936917588851,776.9615120926354,2
949.6121876017485,836.8882299528339,2
1060.2748330418515,911.7173429625885,2
624.4781161226889,1006.3118659937064,2
1030.5801264210222,675.3304490210014,2
951.1378451226145,895.321907474052,2
834.5458966396552,858.517289797888,2
1019.2334710624023,681.5605395565752,2
937.7819876009594,819.4005816118097,2
1034.3738964089953,715.8629474066653,2
805.373996514554,832.8898072079683,2
933.993886637683,917.0964040404125,2
950.6054491830755,871.6551148742001,2
1035.4235096376374,926.2999755086709,2
765.3306365430019,811.3640320450844,2
749.7986178523262,829.3632230100992,2
883.1625870021171,823.7051495383174,2
906.6619157559617,894.1333977014893,2
1054.1738844021193,952.7574382870459,2
899.0429519050573,816.4046461802552,2
1070.6771629140546,822.5943781082752,2
1182.2509998628384,934.5784259896603,2
1026.227150749294,825.9398092751047,2
1032.563478300335,851.6013986928506,2
898.8191427725025,878.919494144127,2
1010.2113511175515,933.0699821852712,2
810.386980686993,897.9353738602224,2
838.13912424826,816.752933925618,2
1063.0625046510954,1005.7323971537735,2
715.3529741092636,980.7414928762714,2
933.7110317420169,973.4250392269372,2
964.2116570785889,838.1136813323942,2
1187.657657528043,713.0115891904471,2
886.4693252191785,1030.9162346583478,2
1047.5972871772462,787.8827402413398,2
1013.7609763648564,961.3604485548867,2
992.452887694188,798.1372896011359,2
1098.8185939638975,981.5366232998396,2
978.9459145362986,854.1746348279316,2
926.3505684682526,559.6992599684802,2
989.3574103185941,798.2913370153252,2
897.0391822607593,783.1461292285748,2
1035.685669981424,840.704780044837,2
745.0645423596995,879.4979594933735,2
1097.4655623582644,740.2154918403797,2
1007.5314715666253,884.8342494807431,2
1105.6554157114826,883.7986649850941,2
1049.253690292138,986.8744730865674,2
897.5126995771373,843.0591239623,2
1036.3124188611316,955.3087598847234,2
939.5630350021029,821.1811644916015,2
1054.9312385072365,743.1950803954958,2
878.0129723837601,913.5655902618993,2
721.0752117496559,947.074554921545,2
888.2626196671996,728.9282445365604,2
978.2183394054924,799.6925388749218,2
898.2866215766129,862.8485298334218,2
833.9681303773307,817.7740199098927,2
1002.3326284419924,898.9489134715038,2
914.0169673987037,715.955870514986,2
990.8354161257007,714.0623205236419,2
888.4113281259795,913.7136114450348,2
902.0914126507755,838.1053398020836,2
1008.1068016211988,708.9061020960821,2
1031.2152288526613,971.7548844217948,2
1206.3987458066017,901.4707423476325,2
903.6795088160721,828.8274468978184,2
1134.6124666674586,816.554301348974,2
1164.3365049216052,900.0252218527451,2
1089.5096319728925,650.8310651841939,2
771.0732393747248,885.7683166745038,2
937.3819876215457,974.0111652940244,2
1030.0104720354439,847.2173442001132,2
1116.1482507703688,751.1475204725388,2
1093.7040294179162,744.3979855274878,2
1223.1506896743244,854.8092793820286,2
1122.336927201486,796.0490446502444,2
871.5479106212206,896.9150158754289,2
1003.980125084458,983.431401326478,2
993.6191764486882,875.6646180032519,2
911.482051734683,830.6489272653996,2
904.3315745749674,848.1982396802283,2
1075.620743098874,746.1776956012143,2
907.8766091579598,741.2645211198667,2
969.5913484043475,821.3569988511928,2
1077.6878338874656,815.275208163032,2
928.0022813835841,765.5505329658401,2
725.7736888538216,820.3422075886936,2
1210.3971956586395,833.1541234925477,2
831.3875410425964,713.8515070939601,2
1155.6128129443352,882.123968237963,2
872.604888827053,937.797728882031,2
867.1318492338744,999.8704308076708,2
1023.1358270135756,796.255064818854,2
916.6970943192952,750.6448379453503,2
964.371492716675,929.0842189608234,2
1060.202994163553,853.6499623870743,2
972.1583598736391,781.3549103528658,2
1080.7499560867632,740.4180905272817,2
1125.7867970272257,939.4771323060688,2
871.6707978133551,899.4680293052107,2
972.4094062717113,733.8598717693139,2
1040.124209127594,833.7683954622756,2
1140.8488944590633,960.2287423528182,2
996.5134909793518,814.9059919089295,2
895.0538394456713,522.7994274896037,2
1083.1651273228326,791.9564033062057,2
1174.820795311374,717.9690814227465,2
1046.97190767028,756.0212081855443,2
916.6097968023754,895.0399376831235,2
961.0953886253686,838.0888934613962,2
1074.8723582201906,675.6492977654261,2
923.3428966072845,835.0460582857386,2
867.836251390717,936.7648694929431,2
1227.8642722025463,861.9847043902301,2
858.3948910390404,864.9891601104762,2
1023.1992659392326,867.7454498493495,2
800.206954085234,641.6222232543616,2
1013.5770583360191,797.4547547752634,2
1111.6711770067589,736.9662853634994,2
830.2006769935673,868.2679955519781,2
1096.254133194243,676.8398932226038,2
789.0946396743461,750.533014225535,2
785.6981425645617,861.3674407405925,2
875.2827429557501,956.5745312805005,2
1142.0582021301418,790.7560955688854,2
983.0090694521172,875.305162677037,2
705.3716349233594,686.2500282485926,2
1035.900840608024,800.0769075340999,2
892.3228504270337,953.186655955152,2
1190.9463140195578,793.6045866658533,2
953.6899606473104,642.4730545481633,2
968.1816565366514,687.639013819525,2
950.3608291472102,683.5031572380044,2
897.3434701481218,818.4679050395007,2
942.3667756314105,781.9381551664555,2
919.3230059610587,714.770694806616,2
1043.5854573671845,817.3117227484083,2
1177.7938342052735,876.4782802043544,2
969.5261065487043,834.0230852651079,2
779.5852500420564,994.9162144126649,2
1043.821006021083,857.7951006378285,2
1182.679610286495,951.7781121375326,2
824.4675509412687,728.8161918462222,2
908.0019138808135,862.2638565874183,2
1130.3535673075412,952.0012999024655,2
877.9313322206325,937.0648905763835,2
791.8221237505692,815.9213613751593,2
1014.9010784478174,769.7252462359291,2
1044.5241426529922,747.4353220578406,2
730.9394607396642,906.1749675779108,2
940.5633192666725,680.455936113183,2
949.9916832512291,941.6006886661851,2
1017.0719810026648,673.5639020452477,2
1013.287737372643,730.7667127003834,2
1016.7066930394336,994.6553055496668,2
995.7861573427452,744.7961185989645,2
905.8493271595441,877.5854238242598,2
1107.3809799146813,862.181118248368,2
996.1067181966539,902.0178249115949,2
862.7438395921138,871.8557036645623,2
935.2267589746785,815.2614990999996,2
1095.7207358972641,680.8333482442486,2
1067.2288329460948,917.060824083628,2
987.144167009149,869.5235534640375,2
754.6272716374535,873.0237307820902,2
934.9178142813859,869.7008513897639,2
1136.7235206158223,842.8737672648815,2
714.5234711060721,817.0771498966652,2
1068.8480492120568,672.023403128287,2
1036.9507842070059,1098.4172316269676,2
1153.4671974350035,900.9758429395037,2
979.4574751126784,724.0213892936588,2
1006.1779878866439,951.6859124456755,2
1030.1445155238284,651.1659935755896,2
893.0230991024881,866.3542578495718,2
1064.4675641553083,956.5592220703653,2
1154.1778214476785,926.438209733843,2
924.6859042809747,940.6004078691606,2
960.7422285785384,857.2788921118334,2
763.0361030648621,862.8482076478267,2
944.8838621143425,906.8180614846665,2
845.8730770950763,826.977684426881,2
1031.409309392099,895.7904138420654,2
990.8958285236265,767.033129666212,2
1013.0637666725189,710.4939754860293,2
905.5566727601633,709.6408825327528,2
888.3251331703623,931.8753074942114,2
888.8079499078964,793.9987255443382,2
857.4544375633639,746.2283504734717,2
1049.9575803309895,984.7984106215436,2
1016.3566268246188,675.5264311329054,2
916.317014953183,1040.6605166290703,2
972.5950662075787,794.3781610367682,2
1065.4067976148858,834.9811172486018,2
911.5716190516731,938.348052270419,2
736.2604402561698,658.1708400325556,2
954.2094619926386,692.822680844851,2
958.8796993814528,911.901028385879,2
921.1489322342012,672.3165449882649,2
954.7647558642868,868.430610097569,2
928.4251900907476,705.1802922283423,2
946.9308462117439,801.0455807341286,2
809.1190932940564,963.2472050713532,2
1012.5454080902845,795.8264662966951,2
1163.6203521964144,734.9297781250657,2
888.4214860329896,810.30597293974,2
760.9275463913193,950.9827716797035,2
980.6272484323455,864.7291231184585,2
858.1188479941511,990.7287798775284,2
891.8677212955711,952.9890592757496,2
1005.6738708937485,845.1771034777754,2
1119.3453413112836,853.6679672649019,2
907.2917415552702,821.667517016669,2
1125.6377930235549,815.733298731502,2
999.6402105668037,818.5736034176731,2
1149.4455712053484,787.855824402625,2
855.0682667468081,757.8177421654917,2
1060.4458985573096,947.3785903404495,2
921.8718820162422,798.6551298609896,2
769.44804003891,900.9434642780493,2
1017.2308143607024,936.4695604566004,2
1089.2726617042715,875.243646238873,2
995.6553331384839,872.4925685473197,2
896.8061256989649,811.2994156961199,2
990.6762602541534,708.4494417931784,2
920.0377660282699,896.2153193858179,2
1105.6053419154623,765.6322215979326,2
963.686982961864,627.6352224812535,2
951.8689225932497,743.8844154144014,2
819.2650819686597,670.2458199867223,2
1065.1084184142262,995.3602680955139,2
1022.1328045310688,993.6900675722889,2
1079.7953934470456,943.6389501253669,2
943.564215409908,987.160537920819,2
860.0480090707894,877.0215577106593,2
1035.0514206327634,729.6693639066317,2
917.3591451011544,866.7471556891295,2
1006.0165967691419,710.3440179424997,2
1128.8559401732118,735.2299902690213,2
841.4051060131142,711.4321799063639,2
901.4651207277182,800.7853609523464,2
992.6255692389352,792.1530619595034,2
1010.2814351864464,1019.0197489105549,2
1081.059437113944,879.9488591601107,2
1207.8544204994562,869.1958640507085,2
976.0294192764204,895.9499585640647,2
915.2486273117379,832.5023754113132,2
997.3983991027947,1026.0663243735391,2
983.7105414756423,903.4081663511206,2
875.1657100341918,643.0450622267873,2
1000.1257870556436,862.5817916369122,2
738.4428849433896,881.3827266899946,2
1104.9100291486031,721.0519946190692,2
929.7677467743662,663.1795930399101,2
997.4074205019488,961.7381059186416,2
1080.3922065752663,814.8620193221054,2
801.1067772899554,769.8170072794735,2
859.381345666533,867.6060940603746,2
1018.549485753218,754.886667352697,2
1087.9184556439122,846.8911845193334,2
839.4196301972748,756.5118208809324,2
1080.5593765867675,836.240187796095,2
940.512087394461,866.5162523588264,2
949.3852374460109,812.0586869690737,2
1086.0307630442844,824.5958944465302,2
934.0542333522563,730.2966596903648,2
1007.2983311298523,850.6776635978325,2
1029.6176037306157,1042.3020984539635,2
923.4313172239329,885.7409951900087,2
825.2609358793881,895.0741975832501,2
1194.4682423697914,876.6755932965972,2
1128.394141316508,898.8981410577945,2
780.1890725582713,850.5348816234329,2
1028.5865971688565,1083.6890652608636,2
931.6786788289495,745.8523350180811,2
903.6787121617319,808.4570437647102,2
1104.4664451750293,1008.8642666845167,2
721.1123993985117,864.5655503189676,2
893.2158290354678,869.5803651898866,2
1242.9982520269903,749.9808924878306,2
852.9756067071703,847.2870160990731,2
721.5644089163474,868.7003165959302,2
945.8422686797503,738.8599955970155,2
1028.6726586870884,708.2110024094111,2
812.6090624886912,958.6153729805698,2
913.5956443014979,705.3929387620624,2
1065.0422431791162,678.7016422829464,2
820.4334902067219,973.3705907047233,2
996.2621369561314,861.6598845968193,2
895.8000039285531,656.5219113405232,2
1135.719324721073,926.8809252275256,2
1070.3224295882433,822.0449736752973,2
855.2957379660302,746.8225720526048,2
971.1644753577749,1021.9594109932557,2
909.3592733518112,945.0709782641806,2
987.0616666467342,888.2229028186065,2
1013.9245619342154,879.4039013754654,2
872.1619163737089,1020.2342711332386,2
1075.3473017472088,860.0733660897591,2
901.3411403697423,796.5485778398221,2
1032.6819133088775,840.038030879803,2
814.487278186504,719.2747989820066,2
1014.8794884799554,816.7656742961192,2
1047.0264592646283,901.8040120807768,2
791.3045171215576,1055.6507446720532,2
803.8142713709066,1073.0842316920455,2
840.55927183429,871.917173602912,2
940.8803000385028,942.1802121692479,2
855.6241449477159,1029.3208169043664,2
1014.5034971345999,763.5227369084597,2
1084.1733828941524,857.7151260424283,2
1054.7721673599594,981.1521951643306,2
1190.6868636859926,889.27331361863,2
1024.1189214544895,951.6475316044773,2
1123.1635634111308,805.9906215231207,2
936.0509973066355,994.9933872226648,2
1041.3551213206042,790.1738508432875,2
899.8890396898208,847.0649272848506,2
1006.9124808765557,756.2426078684617,2
1176.532064597659,752.3100518988857,2
939.2412554059714,713.0366261335498,2
868.3196564863945,775.959656900883,2
986.4118477185308,870.7379451602861,2
800.137806761271,1090.5365706238267,2
1004.5584252866502,989.2568017315228,2
990.4627026752718,689.3145710967568,2
869.8000164130118,722.7687258994914,2
1121.7988919750323,799.0424660352726,2
972.101520860231,949.524945746279,2
1142.3382288871046,917.7393671373507,2
1097.5687637535075,1004.5769387231061,2
1076.974589166417,964.1283229073376,2
1084.4753291390296,767.422006417613,2
837.2799450647761,945.3955068227879,2
1076.90620900021,820.1641767575475,2
1011.7490642821333,853.8041767064168,2
1116.5092531426387,997.2211541606785,2
733.2047190257797,956.2538779622039,2
959.2211639334627,749.4567788643324,2
890.8891395356042,660.5073290910425,2
891.1396801890141,934.9438240451153,2
1095.472000869186,781.7407527207544,2
999.9094245382306,861.3598100692595,2
994.1240543251529,755.7970816514866,2
895.0105583111384,872.1408088941923,2
941.524274097089,778.2281547681976,2
987.9002229106167,704.335585522832,2
928.4358572653499,693.4199580157685,2
1031.9293176791205,783.4313978017746,2
1031.981129896504,886.9247063506174,2
1026.760816882943,887.9151170321079,2
908.1450783243087,861.4799296341439,2
